VERSION_0 : 338282123.03333 ± 4708318.25638 (error : 1.39%)
VERSION_1 : 131947581.4 ± 2111989.59106 (error : 1.6%)
VERSION_2 : 17931268.0 ± 248619.75689 (error : 1.39%)
VERSION_3 : 15558166.56667 ± 148270.69289 (error : 0.95%)
VERSION_4 : 15083671.76667 ± 163718.54654 (error : 1.09%)
