VERSION_0 : 325250942.8 ± 3102444.01048 (error : 0.95%)
VERSION_1 : 134134542.75 ± 1883676.2443 (error : 1.4%)
VERSION_2 : 17480528.375 ± 308573.15569 (error : 1.77%)
VERSION_3 : 14485052.825 ± 192567.934 (error : 1.33%)
