VERSION_MY_STREQ : 14437877.789 ± 27450.96189 (error : 0.19%)
VERSION_ASM_INSERTION_STREQ : 14625129.264 ± 27943.64215 (error : 0.19%)
VERSION_ASM_INSERTION_CR32 : 14753764.051 ± 35710.1884 (error : 0.24%)
VERSION_INLINE_INTINSIC_CR32 : 14809190.28 ± 30168.88602 (error : 0.2%)
