VERSION_0 : 352146658.1 ± 4319293.99535 (error : 1.23%)
VERSION_1 : 137717378.875 ± 1995421.13826 (error : 1.45%)
VERSION_2 : 17500765.125 ± 218737.01047 (error : 1.25%)
VERSION_3 : 15563494.275 ± 134734.07806 (error : 0.87%)
VERSION_4 : 17121725.425 ± 271383.85306 (error : 1.59%)
