VERSION_0 : 311404889.44 ± 836927.90569 (error : 0.27%)
VERSION_1 : 123840172.6 ± 451244.78475 (error : 0.36%)
VERSION_2 : 17469515.2 ± 139849.74345 (error : 0.8%)
VERSION_3 : 15532392.32 ± 313836.38806 (error : 2.02%)
VERSION_4 : 14975878.94 ± 91866.82682 (error : 0.61%)
VERSION_5 : 14904152.12 ± 167471.87425 (error : 1.12%)
