VERSION_0 : 345080733.425 ± 3628913.00542 (error : 1.05%)
VERSION_1 : 128407165.75 ± 539052.59633 (error : 0.42%)
VERSION_2 : 18251081.0 ± 293303.08102 (error : 1.61%)
VERSION_3 : 15106623.2 ± 94580.55133 (error : 0.63%)
VERSION_4 : 16651045.3 ± 251138.43586 (error : 1.51%)
