VERSION_O0 : 348278654.53 ± 2552383.35758 (error : 0.73%)
VERSION_03 : 131577240.95667 ± 601790.72268 (error : 0.46%)
VERSION_INTINSIC : 17477071.52 ± 110866.1143 (error : 0.63%)
VERSION_MY_STREQ : 15814945.83667 ± 147313.02277 (error : 0.93%)
VERSION_ASM_INSERTION_STREQ : 15596619.59667 ± 125390.22226 (error : 0.8%)
VERSION_ASM_INSERTION_CR32 : 15814835.62 ± 144791.63037 (error : 0.92%)
VERSION_INLINE_INTINSIC_CR32 : 15208266.2 ± 120973.23491 (error : 0.8%)
