VERSION_0 : 342008758.5 ± 4597508.04017 (error : 1.34%)
VERSION_1 : 61200123.2 ± 749884.90514 (error : 1.23%)
VERSION_2 : 18481990.2 ± 458314.9905 (error : 2.48%)
VERSION_3 : 16939685.0 ± 638621.99831 (error : 3.77%)
VERSION_4 : 15889414.05 ± 180613.41198 (error : 1.14%)
