VERSION_0 : 343673075.95 ± 4780624.07349 (error : 1.39%)
VERSION_1 : 137585051.275 ± 2516979.27249 (error : 1.83%)
VERSION_2 : 16602493.95 ± 112815.50141 (error : 0.68%)
VERSION_3 : 15319005.85 ± 267363.79237 (error : 1.75%)
VERSION_4 : 14403115.525 ± 195470.68425 (error : 1.36%)
